44413.76633
31004.86875
25205.496
21780.89728
19455.80336
17745.04254
16418.4094
15350.79088
14467.57316
13721.13548
13079.46725
12026.95564
11193.49511
10512.32234
9942.078047
9455.593117
8843.56915
8336.838189
7779.504377
7320.839865
6934.793382
6528.475597
6123.90966
5735.302719
5370.586704
5067.655658
4752.503217
4465.750628
4205.387087
3936.142003
3699.229401
3477.903872
3263.949875
3069.681986
2880.655229
2701.531935
2539.018482
2384.501787
2240.101371
2104.151873
1975.844826
1854.83117
1742.371165
1636.496244
1537.22713
1443.701756
1355.515041
1273.579959
1196.347625
1123.842515
1055.729699
992.0797504
932.0032455
875.8021986
823.1279119
773.6596169
727.3264456
683.7320942
642.9589114
604.7278021
568.8880089
535.3501743
503.8896347
474.4430872
446.8773421
421.098718
396.9906669
374.4764288
353.4499275
333.8642995
315.6297262
298.6866079
282.9959589
268.5082458
255.1987572
243.0619824
232.1014442
222.3488172
213.861005
206.7259144
201.071008
197.0604451
194.900972
194.8396615
197.1565747
202.1562993
210.1559147
221.478771
236.449797
255.3996605
278.680356
