0.009886524784
0.01977304957
0.02965957435
0.03954609914
0.04943262392
0.0593191487
0.06920567349
0.07909219827
0.08897872305
0.09886524784
0.1087517726
0.1285248222
0.1482978718
0.1680709213
0.1878439709
0.2076170205
0.2372765948
0.2669361692
0.3064822683
0.3460283674
0.3855744666
0.4350070905
0.4943262392
0.5635319127
0.6426241109
0.7217163092
0.8205815571
0.9293333297
1.047971627
1.196269499
1.354453895
1.532411341
1.740028362
1.967418432
2.234354601
2.540836869
2.876978712
3.262553179
3.697560269
4.191886508
4.755418421
5.398042532
6.119758841
6.940340398
7.869673728
8.92753188
10.1336879
11.4881418
13.03043967
14.78035455
16.76754603
19.01178716
21.57239708
24.46914884
27.75147507
31.47869491
35.70024099
40.50509204
45.94268067
52.11187214
59.11153168
67.04052456
76.04714864
86.25992874
97.84693579
110.9861272
125.8950066
142.800964
161.9907086
183.7410631
208.417829
236.4164672
268.1620982
304.178708
345.039715
391.3778566
443.9445089
503.5701399
571.2038559
647.9331748
734.9543659
833.6614293
945.636209
1072.648393
1216.714832
1380.139087
1565.50154
1775.768149
2014.280559
2284.815424
2591.703039
