0.2687571597
0.1897725023
0.1548473903
0.1340897012
0.1200144643
0.1096042521
0.1014730649
0.09494353067
0.08952114057
0.08494520747
0.0809672104
0.07447939985
0.06933805595
0.06514162957
0.06162337065
0.05862109262
0.05486241339
0.05168644663
0.04817728009
0.04531993891
0.04293159016
0.04041256376
0.03792065339
0.03552287384
0.0332203252
0.03129560937
0.02927896069
0.02745359335
0.02580208943
0.02411955493
0.0226594824
0.02128468952
0.01996647883
0.01877407085
0.01761031521
0.01653546578
0.01558140737
0.01468362258
0.01381975278
0.01299390991
0.01222115436
0.01144665406
0.0107327323
0.01008713995
0.009487364599
0.008885143768
0.008300542502
0.007767998951
0.007279827197
0.006851596715
0.00651491463
0.006248656789
0.006015828531
0.005762588978
0.005502228892
0.005218672265
0.004902464125
0.004587822715
0.004299212464
0.004042981436
0.003839387894
0.003681412983
0.003599747295
0.003566055277
0.003594548583
0.003656488631
0.003720778249
0.003827346557
0.003940445428
0.004036629386
0.004153257806
0.004308361631
0.00452626445
0.00480948114
0.005159907551
0.00554029603
0.005947702486
0.006384746867
0.006864348659
0.007407342744
0.008035118356
0.00873615144
0.00951487639
0.01035997642
0.01125807974
0.01207666024
0.01264038193
0.0128791989
0.01271579472
0.01174835418
0.009197043563
