0.2685918799
0.190282558
0.1552953536
0.1345166885
0.1203173356
0.1098395483
0.1016670694
0.09511538194
0.08968979381
0.08507876776
0.08114605625
0.07466035293
0.06949681658
0.06530205992
0.06179551725
0.05880604473
0.05506415065
0.05198669353
0.04858549919
0.04574436122
0.04333483257
0.04079518968
0.03825174065
0.0358216184
0.03353985237
0.03165485826
0.02967984267
0.02787658875
0.02624083512
0.0245192685
0.02298122858
0.02155684058
0.02020428792
0.01900669435
0.01784615891
0.01679389444
0.01582550499
0.01486800948
0.01393599121
0.01303127895
0.01213736828
0.01132647116
0.01063414208
0.00996846398
0.00935829984
0.008789234099
0.008243628208
0.007679325357
0.007159136143
0.006672305492
0.006235215047
0.005883745654
0.005606082584
0.005379588202
0.005181431577
0.005001373283
0.004822097105
0.004615559964
0.004431266142
0.004275205977
0.004137422335
0.004030846323
0.003963077907
0.003909969135
0.003878076195
0.003870122373
0.00390084717
0.003949492031
0.004015523463
0.004083498703
0.004165824798
0.004242729562
0.004336106118
0.004473369421
0.00464352609
0.004876688816
0.005178123457
0.00556108741
0.006013489058
0.006544309288
0.007153454388
0.007775248417
0.008355732509
0.008951933773
0.009709361848
0.01058136909
0.01157635877
0.01281058692
0.0141903006
0.01552586343
0.01718323204
