43721.72861
30942.64597
25296.23252
21903.81813
19575.97396
17866.3014
16545.10583
15475.67842
14593.49191
13853.14918
13215.12822
12166.59477
11330.60125
10639.74681
10065.17538
9568.195279
8939.873603
8420.560555
7855.068721
7390.60747
6998.83401
6590.763515
6190.224237
5804.73743
5441.255142
5141.135186
4824.701925
4535.601842
4270.773095
3999.740795
3758.881032
3530.203117
3307.135697
3106.254149
2906.003011
2712.274896
2543.430351
2386.940859
2246.857846
2118.852917
1995.904728
1870.824193
1756.910084
1657.81883
1559.725691
1473.176294
1395.270484
1321.103113
1245.258605
1171.414117
1101.184136
1031.641585
970.0847319
920.1871355
875.5838236
833.4669548
784.2652297
734.9001052
686.2215228
635.2766484
585.465962
543.9890325
507.6858584
476.1652736
454.906979
434.2471364
407.6368211
384.1206395
363.3779121
340.5497095
319.9441279
304.4455875
291.2701062
278.6629005
269.5227957
258.6322789
245.5355484
237.1031748
229.4616772
225.8446109
214.49349
205.0608815
204.5888938
204.9462726
204.7634268
204.5945734
208.9538202
222.0026638
247.1283667
275.9891959
301.2348876
