0.2706453763
0.1913750512
0.1562570706
0.135322612
0.1210362501
0.110490503
0.1022943583
0.09568764043
0.09021520262
0.0855856859
0.08160277949
0.07506369758
0.06988055713
0.06564141102
0.0620906162
0.05906001399
0.05524566993
0.05208620324
0.04860990413
0.04574806166
0.04333867256
0.0408021613
0.03827600359
0.0358489811
0.03357073886
0.03167814918
0.02970894264
0.02791697781
0.02628976602
0.0246069128
0.02312605756
0.02174258289
0.02040517365
0.01919084584
0.01800934785
0.0168898707
0.01587436939
0.01490906843
0.01400726925
0.01315863715
0.01235820917
0.01160391015
0.01090370095
0.0102454471
0.009629436133
0.009050511232
0.008506412142
0.008003025254
0.007531134736
0.007091290475
0.006681921814
0.006303965935
0.005952782537
0.005630894314
0.005337102253
0.005070572336
0.004831980839
0.004620488033
0.004437749899
0.004283731173
0.004159080115
0.004064593494
0.004000605907
0.003967734543
0.003966204135
0.003996025576
0.004056996061
0.004148649193
0.004270517942
0.004421780275
0.004601935166
0.004810461976
0.005046804328
0.00531087907
0.005602670842
0.005922264394
0.006270193224
0.006647077667
0.007053803415
0.007491532404
0.007961434977
0.008465083891
0.009004252198
0.009580800716
0.01019683907
0.010854747
0.01155699155
0.01230640344
0.01310596284
0.01395885251
0.01486865325
