0.2770753088
0.1919355172
0.1556146325
0.1342873532
0.119852539
0.109252776
0.1010443853
0.09444532066
0.08899030289
0.08438291537
0.08042419213
0.07393453331
0.06879859975
0.06460297434
0.06109182645
0.05809723994
0.05433091726
0.05121337014
0.04778529676
0.04496470798
0.04259107185
0.04009315101
0.03760633911
0.03521792276
0.03297659075
0.03111512552
0.02917872001
0.02741694922
0.02581742125
0.02416344579
0.02270819446
0.02134878956
0.02003477389
0.01884178277
0.01768112191
0.01658144803
0.01558395122
0.01463579033
0.01375001565
0.01291646233
0.0121302429
0.01138930668
0.01070146203
0.01005477746
0.009449523162
0.008880618933
0.008345827846
0.007850920404
0.007386819005
0.006954042425
0.006551020816
0.006178650739
0.005832328498
0.005514505142
0.005223960376
0.004959827002
0.004722730792
0.00451178926
0.004328608126
0.004173114394
0.004045926622
0.003947833821
0.003879165545
0.003840569929
0.00383230912
0.00385444862
0.003906834466
0.003989054466
0.004100668939
0.004240891892
0.004409215248
0.004605103631
0.004827980128
0.005077710445
0.005354225346
0.005657552104
0.005988146867
0.0063465521
0.006733565927
0.007150252186
0.007597684664
0.008077321156
0.008590809931
0.009139881177
0.009726498875
0.01035287941
0.01102131558
0.01173443762
0.01249500663
0.01330596241
0.01417060577
