86398.03822
47913.93003
34803.16179
28084.3669
23948.34168
21119.00866
19046.03944
17452.26157
16182.4468
15142.65137
14272.54888
12891.25795
11836.29152
10998.40177
10313.06229
9739.528183
9031.95438
8457.369973
7836.59502
7334.074499
6916.668946
6482.562544
6055.377559
5649.53133
5272.409343
4961.796332
4641.035668
4351.174476
4089.540142
3820.443611
3584.81917
3365.616846
3154.509027
2963.46006
2778.108835
2602.931397
2444.361866
2293.89436
2153.523385
2021.56829
1897.195875
1780.02759
1671.247478
1568.921129
1473.044818
1382.766215
1297.678252
1218.647843
1144.169447
1074.25741
1008.58101
947.2018985
889.2570355
835.0332605
784.1906109
736.4164535
691.6398582
649.4756394
610.0016204
572.9462053
538.1618775
505.5607173
474.9230497
446.1857552
419.2172646
393.9239468
370.1888561
347.9329493
327.0465853
307.4767375
289.1248098
271.9183693
255.8008806
240.698198
226.5524644
213.3141983
200.9277841
189.347847
178.5313079
168.4381414
159.0373626
150.2982785
142.1965012
134.7159661
127.8473742
121.5900674
115.9558354
110.9687695
106.6699346
103.1193884
100.3978117
