0.2686524032
0.1899239592
0.1550908675
0.1342751935
0.1199804042
0.1094504588
0.101234606
0.09465250652
0.08924353467
0.08467663224
0.08078562002
0.07439522854
0.06932109374
0.06515705325
0.06166647985
0.05868685909
0.05491261757
0.0517812252
0.04832315783
0.04544875333
0.04304413245
0.04047452966
0.0379401525
0.03548145988
0.03317934261
0.03128457456
0.02932016977
0.02758376162
0.02598302348
0.02436543786
0.02294579047
0.02160319776
0.02028383306
0.01907559153
0.01790499516
0.01674449527
0.0156885805
0.01470748803
0.01378131597
0.01292938397
0.01218539068
0.01149385895
0.01086685329
0.01028209104
0.009755799125
0.009252542015
0.00873557897
0.008257498587
0.007789510942
0.007322211552
0.00686863796
0.006451305059
0.00606740308
0.005710195218
0.005401183056
0.00514711019
0.004926403262
0.004749970386
0.004581257656
0.004416502176
0.004244373937
0.004086221435
0.00397674888
0.003915835973
0.00391296157
0.003950136273
0.00401640602
0.004104798976
0.004186013621
0.00429316695
0.004419636127
0.004599222894
0.004819009022
0.005100776014
0.005413661334
0.005757736776
0.006126970151
0.006516228056
0.006966441469
0.007512051561
0.008160417606
0.008887232771
0.009657223838
0.01039927164
0.01106511443
0.01168682707
0.01227882586
0.0128276493
0.01316750001
0.01310171885
0.01283976929
