43788.02852
30938.00636
25256.94533
21863.25622
19562.12093
17869.41478
16551.9009
15491.08511
14604.28976
13848.01895
13193.22278
12121.28119
11275.96476
10594.72309
10024.76313
9541.466165
8931.817737
8428.867608
7868.628191
7401.388555
7014.848442
6606.650777
6195.907628
5803.692866
5437.957434
5135.132221
4818.816051
4536.000918
4283.219272
4023.504133
3797.399339
3585.99388
3371.195061
3174.587408
2977.11809
2791.382026
2620.132975
2459.180562
2307.071119
2160.149834
2026.297768
1895.932146
1772.380728
1659.323046
1553.707419
1454.331316
1358.995404
1271.255232
1188.373119
1114.842341
1046.772851
983.9550175
924.3331336
874.679412
832.3796062
792.0338619
761.0304698
727.2677906
684.4711299
640.6405957
600.2060554
560.1891413
521.6409066
488.572969
465.2825753
448.1223188
430.3525033
411.6601177
392.8505957
365.2773268
327.5505951
287.5619065
246.9217511
209.7192191
189.8800601
178.5483661
166.8607498
162.7185804
156.9560148
142.1258429
130.7805039
118.5324005
115.9743363
103.9207798
90.96811974
81.67514183
83.56454347
87.66734932
90.28962355
90.61322997
98.22522476
