43791.95237
30974.42691
25259.26423
21859.19312
19547.13281
17846.01594
16516.76159
15445.56014
14562.96165
13813.05571
13166.06337
12122.4802
11298.54403
10620.02345
10053.63601
9566.796127
8945.697827
8424.714969
7845.621869
7373.637915
6977.310768
6569.554578
6164.825568
5779.277683
5419.222091
5120.413318
4812.490483
4528.988987
4272.028187
4005.940549
3768.767613
3549.367346
3333.187083
3139.826249
2955.69229
2781.389153
2617.311545
2457.747351
2309.298291
2161.58093
2022.930102
1894.287326
1771.431934
1654.152656
1547.324003
1448.103041
1355.393963
1271.572474
1193.543279
1118.978262
1045.823199
977.7921307
911.8416414
848.504349
790.6487736
739.1694568
693.5611948
656.92234
619.6241077
592.6635164
562.4558696
528.1030195
488.8951602
457.1284118
428.8370671
398.8606058
372.9987601
351.9426844
336.6432097
321.6405741
306.9696043
295.0811234
280.7233131
270.2634599
257.227877
244.3070219
233.8316608
231.1392916
231.5724525
223.8635437
213.0497158
206.7148133
197.7734766
189.2073397
185.4340715
188.7979389
199.4939548
214.708226
238.0869512
267.7465814
289.8491867
