0.2850384473
0.1944699505
0.1568108367
0.1349408248
0.1202309889
0.1094728902
0.1011655039
0.09450090024
0.08900065648
0.08436108283
0.08037891594
0.07385884032
0.06870552219
0.06449983471
0.06098299206
0.05798543204
0.05421773616
0.05110097433
0.04767570166
0.04485889422
0.04248945021
0.03999692378
0.03751647755
0.03513511385
0.03290125119
0.03104663468
0.0291180026
0.02736391244
0.02577189634
0.02412627491
0.02267891695
0.02132739727
0.02002153106
0.01883644655
0.01768400591
0.01659266935
0.0156032647
0.0146633306
0.01378577921
0.01296050431
0.01218263587
0.01145011025
0.01077059322
0.01013223381
0.009535231948
0.008974497405
0.008447733392
0.007960506082
0.007503739345
0.007077781465
0.006680892692
0.006313728432
0.005971477197
0.005656241892
0.005366455856
0.005100839731
0.00485956167
0.004641206829
0.004446894868
0.004276019993
0.004128730653
0.004005487125
0.003906332137
0.003831945899
0.003782794547
0.003759441536
0.003762421606
0.003792280729
0.003849615755
0.003934922219
0.004048917933
0.004192408822
0.004366261427
0.004571810023
0.004810628455
0.005084590006
0.005396232329
0.005748530987
0.006145131749
0.006590459465
0.007089537667
0.007648492758
0.008274476462
0.008975653961
0.00976152182
0.01064310544
0.01163289006
0.01274538902
0.01399707066
0.01540665756
0.01699572742
