44139.21983
31193.70302
25464.86405
22051.22808
19722.17734
18003.19028
16667.32752
15590.59896
14698.77981
13944.36181
13295.3383
12229.82649
11385.29804
10694.60662
10116.08628
9622.331278
9000.902096
8486.177871
7919.850536
7453.635739
7061.136513
6647.936229
6236.430445
5841.08103
5469.973701
5161.690677
4840.931556
4549.04571
4283.997137
4009.885095
3768.673154
3543.318439
3325.459201
3127.637924
2935.148048
2752.739191
2587.242688
2429.888924
2282.837545
2144.393627
2013.734734
1890.506155
1775.991768
1668.187468
1567.114759
1471.896247
1382.119863
1298.715189
1220.105652
1146.316353
1077.006543
1012.248055
951.136042
893.9777931
840.4185918
790.1322512
743.0466678
698.7590591
657.3529893
618.5448274
582.1813653
548.1716789
516.2876631
486.4648495
458.5679216
432.5015617
408.1473104
385.4268878
364.2323702
344.5154427
326.1843644
309.1776649
293.4542874
278.9622426
265.6739546
253.5803945
242.6807504
233.0012705
224.5921209
217.5329916
211.9416178
207.9713658
205.8180073
205.7190877
207.9488194
212.811946
220.6334271
231.7523903
246.5159745
265.2806865
288.4248741
